Engine_RPM,Throttle_Position,Fuel_Flow,Engine_Temperature,Airspeed,Altitude
1841.675616751548,53.84983056746792,136.72959961032186,206.83682612295615,497.2885711152968,9497.454787190274
1983.115964905885,34.81686457558222,137.64093770506668,209.6345638054007,516.1943429177406,9879.43684803895
1998.9236491336326,33.661512705628596,155.41655131288923,193.76682552603017,435.64092495722116,10854.755100063976
1788.1371435615986,50.854315851227796,119.23308477258107,203.03106265983604,486.5273298075949,10031.867867466219
1894.3984754341118,48.49104139528107,141.5456044945825,187.1303742430044,512.7650124736812,11934.024268984846
2241.9649746577065,38.20137673540935,120.28256686692484,177.54268293920984,492.57871900851325,9050.467518114696
1638.0193308274802,29.048583000983736,151.7961751488233,209.7117001085913,491.50549656764105,9165.661511148193
1982.7682537220292,45.886693085984206,157.36707347747063,193.96250809037346,500.5953529626869,9848.900165794194
2130.425175621988,47.75310371716252,172.7790813776927,191.1464357350091,529.5602081536873,8315.988293665663
1833.599348775911,37.62823440090891,144.3376284689016,202.62381112567354,527.5108062397344,9343.412046650075
2149.423595170494,51.85157638532089,159.77826314291337,179.89021003313155,470.15204111062735,11108.821613115599
1966.4687421074775,36.93618339413532,150.42735286330418,204.11222420272424,506.55975459420296,9765.664365115654
1806.567279589859,48.344658569372676,161.90513052725697,205.06219740219336,492.17321112236135,9814.098365516966
2058.1585735920357,57.85718972535628,139.8708749171964,190.77563110447628,498.7132072933433,10284.26052694765
1876.9030386590928,50.675297264301314,100.21410750913897,216.35930022116437,415.3946641279888,9853.65908420041
1919.7324755043794,60.745794310742546,117.38891312698948,206.70871143051886,516.906911829802,7315.229112332554
1796.8342463096212,65.3250910617076,147.18459642948622,204.50404399246628,458.0365839474411,9152.676267005201
1945.7442552384518,53.11729685240811,141.01364256750134,199.251282045005,528.8171194944555,9551.436736093394
2499.232600635616,32.213937866079576,154.67293955464245,198.01714688558258,467.9045218140713,11097.692290083698
1823.9979825140445,62.87209167562063,124.06565391211623,185.01687682131217,560.8783389510546,11780.88714824829
1874.8334669789294,35.8078025603411,152.78369121115063,206.14514350136184,519.4462801983983,9955.486706162783
2230.1937406508164,38.86261497040595,170.39315786162544,195.7630002386776,542.7937518473416,10315.765960215958
2081.6230806214694,43.005126420847205,171.62151376967597,191.723201639204,556.0765585910635,9283.493211433457
2131.954772836673,55.93738082794073,145.04999225867837,209.70280267055455,526.4626083209328,10042.02004285401
1997.694943613403,50.4386332995985,138.13005421419183,192.85327053794344,594.470965770967,10599.646116673171
2464.8349989207973,64.45195951463357,136.58351410429893,212.22349863301653,462.66369592657145,9804.07831265433
2028.2300623664428,58.75105935139602,171.4400687791782,191.33915995480868,524.7618387520943,11377.703950961397
1890.8151587988652,43.807224954649655,124.27057284231549,218.69480388295182,475.9326790012293,10403.833234268432
2039.2755048314873,52.43064134423532,167.82481846438228,200.32610069668473,544.2907579742463,10347.64189711152
2014.6504186995298,44.34185438996994,169.84272211616016,192.3437849294322,465.8960928296797,10285.656988535986
1843.6013333810008,50.453918439242166,132.93503136847053,208.01665204372785,483.3870027118872,9878.88856630354
2069.017359973324,58.7286580555512,146.5464031984621,198.5640743682358,528.0121412129822,8025.121890794506
2250.858852713982,38.0444048953502,160.03300575286153,186.64232243891257,436.66458777035166,10126.273281874346
2071.5732874573628,57.85040342974553,146.79812836366855,211.5785004480204,551.8360298962397,10421.725274125522
1986.5358170518712,52.374310493005,165.74770164915822,203.43908926989243,488.060764396902,10416.886032349217
2141.102230766382,39.75106303653155,141.85154855406512,201.1905256815856,497.06120879676814,9772.614946588721
2284.3237095881263,37.38932429184659,156.5173389874153,206.34842958322199,423.0424200958795,9922.464835961913
2169.7592525691443,42.848688437839535,153.5603885336727,186.59881762023787,456.0701857108009,9339.996116687595
2048.5789919134827,35.232512151153685,155.99856014439035,184.86607900907774,527.2859671235213,10187.423793380392
2214.05193865426,33.369628364236725,115.58395617876782,209.701343484239,461.52430212151074,9470.538298712956
1570.0537232264942,70.68830605429619,123.81520811932839,203.46655469802081,504.93813648971457,9965.478640886176
2103.969483901548,54.6621731673128,139.5724848849326,196.61113347807978,533.4601299746081,9959.661395035875
2181.51188470453,63.22999522408868,122.1611653772585,198.50452935517617,464.1509861560934,10218.003504012719
1975.6365094344642,57.76585067952092,165.12775757165315,197.16283528679625,499.883224180314,10311.533208741592
1922.2101234088705,43.68672294068608,173.77321891062175,189.8366647200801,427.67706748394426,11253.367099566856
2337.0397705032324,39.86277469526914,164.91251337398083,208.74697995221908,493.4830874877764,9763.609944493484
2092.4822169211643,40.8127602001652,188.4335290986563,204.1230908269296,488.00510372248254,10752.956688708835
1750.3036605308746,57.25511792864049,159.01686854852227,185.65837152922578,591.0002781210942,10889.097362796978
1980.2477645325991,52.39182360129943,197.31981667942858,204.43238915679976,524.115515563016,9635.326899389926
1958.001187934922,49.45605325620834,162.43446207835234,183.62180697481315,492.66234961185137,13425.84906196347
2203.608170243895,48.40837731487023,154.2348947145951,203.66602458960284,429.4008856426824,9031.753339564393
1557.8085179182422,53.8146301625947,162.3871330791023,188.71984441586633,490.8421030443693,9676.242820476711
1837.2215238166714,55.28534012395208,135.80080124604382,204.32584630216908,554.2421336873833,9461.25409060601
2209.2724835413915,41.24009302271032,201.7938646607298,210.67662509532707,471.2089544165781,11591.864766680428
1794.1282831989013,54.3742002287543,158.5063645840196,198.10121018512012,496.9558419122142,10959.013079469276
2150.1325334454523,44.6017980993419,178.33314877914077,197.70621948027207,438.87831798003094,11449.876399672568
1905.1052056897665,66.90573361889975,147.81240217712596,203.4555068791463,431.492358154769,11696.793048230866
2122.1365840426465,59.502892046427206,136.2395130483314,202.32773417883328,471.4428001229319,9293.38979249158
2219.467264279014,33.86124584113742,141.71587597284932,200.531165326928,571.1439226627917,9129.789648554086
1947.1371525309507,36.918664272642474,158.34998075914874,205.20646573547307,477.7307635606196,8498.330969493923
1896.5804879111677,45.98288037594018,154.98956567923565,207.2921858168663,463.76161046069893,9405.848987029587
2128.5165958281523,62.60872437356909,147.24822174565392,182.57730799748785,545.2212386422541,10908.990002954492
1923.343758160203,61.35401689413953,119.11232728740127,190.14103651985698,518.4095972479176,11445.465383659328
2019.2119011280292,56.78839429043172,114.3157952535825,204.84360326877098,455.98131768796014,9114.356653101293
2298.2280199380907,40.576998818009976,144.4673300743533,191.07259519234813,552.2653873660497,11379.199782455838
2323.5705287368996,37.990784140451,117.15460951245157,210.73940087730784,546.5543456790851,10700.031634305848
2463.7245310975277,34.10839131489991,164.01036179929878,189.12709144370905,409.8737080779699,9294.20046478885
2242.340463954985,54.26759272443535,125.74216062029487,212.81305075925397,508.33480071350294,8700.446616594805
2075.688220236481,53.61706224069495,199.6238853065439,185.29551062248473,442.81369356932447,8719.707647556817
1746.5783606560067,43.42478501306519,163.58308576797836,215.32667062478768,440.2207492077105,10573.071414657716
1919.3633203087288,50.039059903096735,104.2914893697989,184.32190904070126,496.33217229690194,9563.203692175854
2097.976916867443,63.41514062476813,119.98362224384908,193.63369277609937,483.60762064514444,9774.927896043459
2227.004445230345,45.573918108702316,136.80236728980728,213.2576091727352,504.63996956188174,10376.653720715964
1972.358114277187,54.838626857315546,168.19781635854883,199.75222150379577,515.0109726206751,9372.31882642358
2245.6611594814876,51.40519938126513,144.86617598975621,193.4610005219634,498.39768905009254,11558.344230279272
1990.6201186857413,68.07095918025216,126.59688058248138,201.7794973793083,451.78128427288055,8421.760638681728
2201.473219773235,56.76062034000737,143.60506952225884,216.0360360804808,526.4389738746303,9452.535180277615
2129.6334899996414,42.61099345879107,158.21184172592555,213.20146723724045,546.4961070602718,9466.975794220583
1972.9137648581998,56.36008858148351,179.81098369089221,193.72737273774902,517.7483996777726,10325.459712993026
2151.2854205165513,52.403794717760654,148.7149664143385,206.98992184869647,512.731589992102,10431.617718355985
1930.1190490621066,58.340683601528966,207.09894439875717,211.7391466240999,515.912249934342,9310.91412267261
1857.3810847402908,42.083457485283354,155.38625265392608,208.12740547963432,481.3873475973274,9097.452461857432
1983.1577616710742,48.85569773846388,176.71227973702523,215.59765602538582,519.1369086025836,11031.246893298403
2164.4207690169314,50.89005945260607,156.3150858634993,198.72868872562316,469.88606934249475,9146.984945757262
2185.218344395898,57.75225142982253,140.4652790079368,191.05629727264568,481.963025920059,10073.814199768502
1750.513171713998,52.86604279056805,144.62186892864747,204.26870011186764,562.6259615673043,8678.814499964426
2009.0548258426718,52.46481458202491,146.08367769214922,200.79720151853283,456.8350458740257,10777.386227901185
2584.877182966956,47.49034961202731,131.22387489728308,207.61281547991794,492.3374555918282,10339.129104728372
1733.6379818562446,39.71275638734696,117.87334303344073,184.84197057370147,504.37015053970646,9706.977061444692
1820.2056081205387,41.341123356856926,143.59929987237922,196.21980044939406,476.1785114328617,10091.469563915018
1872.4630657400778,61.47168175761835,151.97787379917736,185.03565028023112,570.538860480906,10971.929097322682
1962.2809347223904,75.19253505975345,151.28962810107828,190.44823245926415,425.7331842018528,11491.722127130439
1993.419633575879,49.95170480428953,186.7158358206569,200.17139231548452,512.8533698635937,9624.388007688014
2260.9959254713913,59.68842149649577,175.19573932204267,200.50023806342418,518.6687544331271,8081.954045994364
1878.7581643555704,43.067209299705766,133.49642421229967,204.22938906515944,567.8601296067492,11577.717376200773
2039.8239389838416,48.69147094015051,140.68779744229337,187.32318951353125,493.64248546823063,9270.771584720684
2168.2998945658924,45.79386261969604,118.95739375953798,202.80524916310512,516.079109194439,10310.15965132188
1966.9097180858537,49.38441332784807,133.7164564527201,195.13075296583546,504.4033514596278,9339.831866268307
2159.2116349452763,47.939230471102945,154.96716916202735,204.55894158436212,456.37563608422835,11355.557101621966
1983.3591966919373,52.957115463865804,134.4332681216262,186.59593102538642,486.7804798280714,9056.265073700895
2327.515999135002,46.71153745500127,163.08880140927144,199.06594797524585,463.69922095315064,10641.208299202599
1990.463447272082,61.88159428451538,150.18598266900358,193.56442498964958,467.91617452970615,9471.361979889372
1886.6115876963738,59.27657182980395,172.00830285563148,196.6853319442467,505.28551149782777,9131.712789940106
1956.7644207017886,53.10631082750842,148.2866723108462,201.03018782759546,515.438181433287,8419.833927537218
2030.690342235188,41.969756511013706,146.4977823329076,192.41990509792788,469.7335647503943,9927.68947836775
2226.7140418383697,64.40248346682664,154.28868470335922,202.5155232131395,574.1810793646595,10761.971461303894
2145.4685973629503,38.72253206415049,161.90832189808702,211.1581620545609,457.4509098379606,9103.60574887025
1709.4050192170857,52.1301737815768,150.05015695300776,190.58411463984078,459.51248460555104,8673.480145007312
1934.5088367060873,36.470669270347294,148.7481416989502,178.1871459573412,538.5332864938669,10040.17510702738
1970.3209858757327,31.072416891007634,158.18854741920222,203.42429087499897,517.8591223860429,7864.8423982930635
1899.827578133063,62.37994723954777,218.8489113073701,204.30263843858543,585.5207025277017,10486.53556060796
2112.023248515347,44.73079366208,164.98268630327985,204.08811541245586,498.3136142930219,9799.462810682486
1791.9632261113359,63.80741878803381,152.1800764580526,213.86075528875384,541.9066175647127,10595.18321118965
2005.0049132029153,55.226862905129266,124.17248063229908,183.77100441411017,441.2747952266771,10534.632603252037
2156.9966430292516,41.423648636795576,176.26743242415534,199.62681813053112,450.8833680706866,9324.96389621727
1962.7774143168647,43.27169301393437,182.54318409158623,185.71329040317056,469.3343663519459,10891.509950363647
2138.991081270011,53.73880677255213,157.65157785430367,196.68294073567066,383.30082236653084,9345.903308035491
1808.682938566371,61.90268213619018,150.0307772408076,187.8433785478747,482.59326123050994,10084.198537491127
1987.5361753410743,29.792769694404754,157.4859554908335,199.17052874695062,520.0665513723714,9342.996273148303
2008.6191084853951,43.87948908364137,153.02218559961608,218.73119621337875,536.275104235536,10708.598128092477
1934.483699926564,48.78583456705522,164.7706468400669,210.5994433667707,535.0680928177885,11410.353858765275
1841.5389692840827,40.768157267751064,137.76591296072374,196.84704482908268,467.37885020615283,9774.496634899782
1879.1886079404742,60.43994899960892,154.97864638677015,197.25861293254042,581.8276575710352,10021.04859568853
2104.918572553436,49.78844094325368,186.34767930409492,184.6791056280388,573.4776952260486,10140.831173233815
2574.825146305266,36.77440465205403,159.5405654312592,205.05624170017055,445.9338876690198,9818.558253863344
1873.7548653400297,52.358480174940404,145.9359206515424,202.6237639691497,502.81958293606414,11138.669666993226
1805.2253998190856,46.955837591151486,173.31812184591396,208.37626712918265,535.2858855249907,8892.737480638325
2122.2583291534343,61.17412803001567,133.58916610122884,204.6564870691256,539.5946538402793,9869.540715952207
1665.2206578938587,56.42880002937979,188.28142437276745,198.52227396619557,438.00474975124814,9819.860389507152
2127.9211480315857,39.2548650074253,155.79660937754247,213.75389240677677,460.10198821883046,10433.345960395884
1822.972431808165,67.20357378826087,158.30997594383828,205.95022454867834,433.4939513680096,10505.674639892302
2274.3747971309413,44.86431770502425,184.11259216978868,190.00180985335967,581.2822917652178,12211.485103903364
1920.3442639133193,43.701255391160814,158.231316374551,208.63286822494834,510.53675122176594,7980.626793291254
2145.5577746021486,31.38020361664327,146.61092074007033,198.10711438656307,454.99684416294025,10936.077754807236
1913.5333750532573,53.59437129692389,131.7723307487951,200.7542026636434,455.7011385547747,8221.969050266414
2204.7657665494858,39.7422347616447,154.87663265410572,193.14931371999097,494.2119901267879,9464.94352471929
2092.401343473266,64.29829251865384,187.2108966137347,187.00670776094557,491.2438727195926,10570.640677274598
1780.5460646261206,38.93303763577259,137.04357359167923,207.70237313253946,378.07352259273034,10659.370152058718
1931.485736091323,55.36878177182313,141.71019833660148,176.25429503363338,546.6096296187949,11100.1019880169
2136.4256896341544,48.38582440161219,112.53068134497562,194.38301825251835,528.8144170720686,9165.958953973446
2139.184804060366,48.419279839623044,131.69268842819784,199.8339536273425,390.8229246483062,10645.672317419736
1896.9030813428585,54.71359772134742,126.06262782910296,204.87910077781513,472.5662149249267,12530.733042603508
2118.02993822375,40.70966994479622,137.15009676026116,211.4572806531681,525.0168952600889,9639.028726806304
1948.871778369361,76.49636032226563,136.46681556746395,197.43588963744062,464.7215193386485,9434.83337154147
1937.7304138747536,46.02559044563712,115.33865244957346,205.65533708396495,508.23272940423726,10021.62116922856
2012.590840890798,57.68356080962887,163.8761813624735,188.42072227392845,527.8662489260741,12490.29886002625
2218.5744626058918,59.46657370158523,144.99125831125403,199.19316202896596,520.8792222019424,9878.77060926783
2060.0854042850096,64.91791738297746,161.49924915474026,195.12869563934856,467.23402893259004,11521.827457549458
2157.8109332887166,50.789779542942206,140.75232021866805,196.4702554698205,525.7416214637415,7930.839877148546
1902.6927941025547,45.75580899975185,153.11103976817512,206.88999921828923,409.39086758741405,11006.010794559568
2221.4394160562492,58.961008983215244,165.79926707372738,192.62849997496366,494.67410737231984,10104.690245639713
1904.6782868491534,48.72577020027019,169.7855832896733,202.44032388489973,507.35830642255263,9569.53974690526
1896.5367373330328,56.98119324372709,149.27244339041926,196.37324280427757,433.4475376826336,9982.381180696631
1897.0829927802426,35.01221115930247,148.9865226807879,192.26441006412693,471.96685063321087,9437.153788733978
1755.7046501621219,43.86403478307162,166.69694090070524,197.43445991109235,548.7536597110974,10323.450335676067
1956.8095475579769,50.84805934401126,157.6613849268045,214.7403195764138,480.13343857978225,10746.94614251093
1807.353179629837,58.629725298876004,148.11387605100126,205.02800638391483,441.8930531614767,10749.82079953385
2040.934169013161,52.30519036384754,157.71352042557717,212.7567796110082,504.51960818493296,9290.205328853193
2158.9640298006307,50.66731543796263,162.59970460335336,204.23749419347712,501.79832459065005,9145.890070071375
1850.4369925069957,47.19358090217376,149.96292496104334,196.38702380690728,524.142229003358,10663.47987820049
1973.0798782528013,57.71833184508314,143.82805810064906,205.5559826576643,466.04454464936316,11057.415138102448
2155.0087839754224,52.69350831074535,138.1779967932294,212.85452024010675,544.1395513299583,10649.469856264564
1927.2375498563742,36.27445090869408,153.142279492497,201.53026797849634,522.935785122148,9129.447402989874
1961.8421374850234,58.769624651975995,164.63302200053164,213.74260711935918,412.449437741782,9606.921297997163
1981.8305766879193,46.44275605862491,129.57408034549337,203.68582151238533,452.99419867217364,8658.076668509702
2140.222071046704,50.37210844063079,170.09377398664952,185.51417454574164,461.59093551329727,11261.002515601263
2035.650753880854,52.87534365760122,154.74244386276726,198.94266680095,545.9084670254305,10372.878527416906
1786.7009688244493,54.71288401041969,142.72254863283456,188.1643052108309,543.1590328458954,11011.361565245596
1856.6831874779996,54.259927709007705,139.35268622900688,177.18432826046956,472.53620763701167,8263.69067506749
1837.5987360465956,39.865243466622005,158.71276070031567,195.95277660343456,506.0239888046502,10144.247232126098
2124.2837247900775,47.977558845950256,137.0496189246804,192.33285886755573,568.1132171243353,10121.324802903959
2074.706488424726,50.12640468505831,145.50826649230652,199.6568523294392,510.78372799869805,10406.450148504782
1843.7836084697892,70.03843354270515,141.22653491599215,192.86159553967062,438.11952603295566,10275.986053513876
1911.3177100743567,52.80919260998162,157.82847028172895,185.11565926873382,536.4523802271794,9099.728188685143
1974.3423576233693,52.071401642132,159.6477747322373,205.87637993916113,560.8736234336901,10270.528768728773
2271.256338572852,45.61864380868448,150.7684452926671,201.0404366172801,491.38073227636664,10682.516428543799
2084.6006722766515,23.99205140803747,130.9382099161931,197.52082150160751,537.9491308541908,10899.850004290702
2172.284970186966,52.20647087490894,153.46101004287942,208.02137696343524,458.35507088485457,10388.60841206698
1876.0710215889362,51.539539359582626,170.46276680205938,201.95494068067867,553.0969077008781,11818.32372257186
1982.8378929201817,71.34531477948687,142.38354654676692,189.03510117466905,467.8649332673401,10602.640722356622
2370.7076460974126,54.89274658441909,152.8729729728225,211.15742763843645,473.90958208773486,10672.390670972318
2043.5496342151907,51.10132407949388,133.8916850499563,204.005446472028,475.2086618220468,10127.637045745572
2145.1111077246087,69.8909667831706,138.1391446819798,211.15594395646875,493.96270117639824,10242.047195453302
2101.0799856527356,78.73739939013147,174.94944035822172,209.25448125446903,500.10564239024364,10366.319694104697
1919.5007321252538,41.334632037454156,138.82010943262583,205.91802986181355,364.23618696629126,10449.220122712086
2160.9458056375233,38.588816880793786,178.27510823703153,201.6641624415609,577.7720871163169,11873.668919676364
2024.850694189726,27.067364788949554,138.44215709620303,202.02519928385684,550.9565990721934,10766.61573924841
1844.072234074265,48.436017731546556,172.23828925052914,192.80642451573226,523.0558974880577,10961.492239188688
2080.335232458436,52.15977674707448,145.8315771245485,211.1534245338144,509.7692416363335,9940.718910908205
2023.8663082650967,34.10034950040678,144.15034659584163,191.45443975290303,503.3450909285852,10359.803903092252
1884.3915605447335,59.59857266731662,144.4267126645449,198.28287132961378,466.1781439004093,8873.471540857288
2053.7172013425165,45.3325409828071,183.7995629063027,195.78136829831135,446.55146493267705,9559.206638500276
1668.8665449613607,34.28206639107273,163.02249624874605,191.10499720417528,546.2912370846043,10842.268092442762
1967.8857194739244,50.8086510937123,147.23436447732522,217.5555749024405,473.31850699484755,9064.960382670162
1935.8862162207813,45.6359533812837,130.38672215771908,209.77042199835117,493.72207372634693,9243.941909393883
2175.6111443021705,48.770163807468286,135.42740256459493,192.72299434698573,572.172221112587,9220.21777744966
2120.2796221844833,59.386421432142626,160.44768687005222,194.64486656252654,460.47431203011234,9653.338638245756
1940.646295784878,56.4130643568713,134.61246386895544,204.12953433376057,520.7404758859672,11296.303414529693
2218.892216030855,48.216657333826525,149.2603700474269,216.3024829865684,450.7536489968425,10653.62088522622
2089.910604410395,35.303253644609285,116.59576089906848,210.90268948728118,499.6369969492415,9094.058083530235
2286.903801393829,49.03809484848484,171.15261299463248,198.78276920627744,480.1161089036275,9533.747472670935
2245.337138168759,67.79691667997108,149.29000922947296,208.81696294345488,606.9168269520306,10790.258560766391
1889.3432956037495,65.46285780198542,128.41634098365162,199.95311918212983,458.9184394751837,9394.091307616953
1881.785101808915,44.0714319732617,128.45687800049473,209.96785284445932,433.24067321466214,9677.008400359027
1900.3417685147226,49.30043278965823,152.12899813727287,201.49740819102425,512.8579756853417,10315.9060146025
1803.293761550481,62.38176722951601,168.89678194099085,213.72370905741212,510.4766383109974,11576.871506225665
2085.831152340461,46.84154949087217,137.9839048201066,192.64458818316103,498.5929092635022,9018.548430913988
2039.4065791537957,46.46551278002952,153.29537288094104,184.09494158681628,521.4677682584282,10639.212308238468
1855.557220245054,69.44049301098423,150.39168991041038,200.58853923469624,481.51069339174444,8939.374820014458
1691.4764989082407,61.530539517856795,109.37098932695906,201.95786179133424,428.7232732500416,9156.105463176242
1808.0409571927476,51.44486776042497,144.49457674322525,206.31617446563033,530.5249809845795,10005.854983214262
2371.0393423748246,55.12019398501327,182.17382830113567,190.48793455616214,502.9802935077141,10288.935612993004
2095.882459177495,60.962002186941106,122.67746520592941,210.8429174230596,518.9935353063509,10080.709483055663
2000.6837608953879,54.4664097005681,110.94644868738717,199.70180794644574,465.0239993296124,9539.378364786855
2370.115567590372,54.07866759074081,161.1249446504056,197.27672193760682,461.4224413559512,9439.445561208659
1645.5912475279547,47.40461130492081,176.9814476513783,203.69409365827804,537.3441910377995,8332.043295453983
2051.370627198837,52.665076884176685,168.64777011136718,204.33799496468924,508.6585940605165,9596.652825094769
1900.7293445273776,43.19404600493263,152.57191634892678,202.6158127939035,488.3492997019577,9162.952615173905
1979.2816416751175,49.094187734921675,139.61476360396858,200.6758284090299,505.18534681311854,10735.137325025204
2023.663333388259,43.3630798569753,102.13230455152399,198.34562225387347,496.5683380620242,10334.33564325213
1710.8415347519822,65.17610117519358,155.04763783061412,195.08830343481804,446.4771266635035,9142.153280912158
1521.0553436657008,57.272266128171246,137.728609912673,188.8240009564645,450.41163718528986,10449.047736929415
2311.1983548256408,46.96701456572745,123.56457141316615,204.50599659086328,503.15800118049657,10733.10460961116
2514.9513039077374,58.58062336532722,148.95244086223042,210.1286220150409,441.9919560773766,9957.683010943074
1827.8711457822358,68.78544673836868,112.03344341488979,200.24640934254248,508.96076941122345,9541.366800315589
1919.8969488250184,57.63812844190477,144.5817258619562,190.71637012771103,456.69695477588766,9405.58432959229
2236.3472472393737,46.220359851318655,123.10101130617288,232.2725135586162,531.3051441903807,11778.66086443608
2151.61832217791,67.52274984958629,144.56016778354604,211.51320791447458,511.42517232835365,9983.752724043865
1522.2835827080398,44.07404287206106,173.41464496886132,176.27658340909176,476.39785990420233,9289.981558156998
1896.992172957225,42.57785869408879,150.57195746250216,194.03810525685844,484.53440528274234,8980.223175967343
1928.857248121159,49.21960607767377,157.96946595540027,169.60048832182216,437.7685348816578,10286.191504742776
2494.123093374253,46.44731887320695,191.11664095913565,203.0192679121174,553.6890803991137,9268.241167748523
1616.775388412132,41.603683620107084,180.7834238272635,202.19722298744455,493.8412538400236,9814.32885214209
2009.3588778687647,43.806939448116154,153.6584984881063,206.52872546476914,501.2155697160603,11294.785511463342
1997.0801304036004,51.7394327849828,139.74283425930213,193.92368839359722,456.57175214494686,10403.941373216197
2224.7434744303678,53.776260845973574,148.8476384413953,197.66972259499576,554.5458954891808,9697.253940389892
2204.5732622026253,82.75221901290294,175.07509486360408,205.69737835658864,531.7029021215667,8697.692764641095
2088.418364556694,40.21385800180501,117.42145047114454,200.9259241577139,563.7891309824246,9072.959403657727
1968.3503229441164,49.06128884765951,176.31629177481955,210.18252183521233,488.5517416086217,8638.683631944172
2007.8596147868075,32.62040522092812,124.93911810143713,195.11317537091318,503.10351361730824,10745.470251028295
1709.0109541038073,63.06403218065209,185.62586935045073,205.92634693911145,484.027518788336,9754.310859354939
2041.4629603210624,53.01388686479165,153.9859540316729,212.32291257986412,623.8375979203262,9268.2307763414
1918.1296621560805,59.86337722283152,152.96076657572556,198.87908835910702,398.8974351708053,10756.10699415599
2015.6251307126252,53.89006218475859,145.30371762830887,208.19498030238063,501.57978222500435,9584.305274013077
1674.5533258803375,40.40610915915172,154.4699530095466,202.2091463450423,476.86496267822145,10497.149989025393
2135.312789493758,38.14915326884535,160.95932506565197,194.50567613040099,543.2243347654462,8848.683472048364
1783.6821149360371,45.05597673044485,140.43847535287915,194.57677079372445,442.0274083641002,12755.945744933966
1876.6133553967131,38.270351531451894,125.31332956863243,201.57310316798998,494.4681088702803,10445.085662262467
2215.5878960872956,35.64490430983297,131.716043543537,209.86761323206704,419.13784880382445,8495.257695231783
2141.5213401737105,48.34824723508382,125.3808622475638,184.567849162944,542.0999377008977,10472.620812254288
1904.0172338674083,43.587992733955005,143.88501021299282,208.94045168615804,598.261117172579,10199.044107015745
1914.0883007609393,45.20256616029146,175.5562666281034,198.4419086793716,517.5720280613689,11410.012338766071
1720.175672872104,33.8486033096755,81.68548965135952,175.49516356136266,515.5476695107236,10810.542642022812
2205.576585786402,66.98154853069121,161.4241505537665,196.8114220700623,466.2951828109524,10424.919844707258
1970.576360838496,58.52121899567602,152.7238307913025,204.58246350283795,526.3741859108844,10187.48812042692
2313.017956851252,48.210073215004186,110.13769850558072,209.33123817375966,493.03449244175044,8630.485543508075
2183.88072844215,40.67960818273052,144.6785317066397,189.52683069469074,492.0968435047793,9564.082257003145
2186.4204647462543,40.336525360619,140.02740303835407,208.31677864112999,520.9966559464245,10174.013554191604
1806.2854432620186,40.02272645774194,152.60386065457718,209.0962581770182,559.6284180413256,10551.670514643614
1790.5190342878786,52.86977876171391,154.2626638053252,175.46360542216019,554.4929970228615,10582.404959670794
2235.836861489105,48.10731272038617,151.5197188498183,198.3458814633171,495.7618858437423,11138.267606830594
1827.5551826129454,51.796676251521895,158.66776967447814,198.57397299983103,456.6548105492193,9618.386189948867
1874.1785055958633,45.12810016692878,157.21338778849073,204.37353505099247,564.8107249180566,9359.247910317541
1787.4386509244891,67.23642898295063,153.62479118352954,209.63368990890274,511.0043472329493,10962.653700389783
2101.5315847499855,44.3721297669375,130.6997861753033,203.24451057465058,559.1559603634023,9043.124339502257
1948.848201184408,45.562288121751315,146.36348625399205,156.88210873490374,471.87841763727346,10234.094730556833
2037.6993899810382,35.74368853504397,154.37764594247938,193.4846410339606,490.65527243146283,10286.969847131379
1932.841666082132,32.51500634976471,159.19744100950035,212.03351807941795,521.1595860635771,11158.208930708144
1883.2877579409887,56.283901635075274,128.24513892959328,192.1447615109265,469.680591428958,10244.577863882507
1647.3199359103728,22.830315416490823,179.08213464843521,198.64869512659865,466.5537034702098,9114.570237703194
1889.6347243591365,46.165903739620035,162.37016885036397,195.73678620337174,502.38266526913185,9936.714910325572
1934.5134888883695,41.87338860345026,104.33257857334773,199.72522201026823,448.39943504905295,11108.53645975444
1862.994915607657,59.46463016308952,158.42738724332744,196.84738857202368,470.32391955224995,9913.54022067944
1930.4597497131963,46.23884664032143,166.00829988980155,197.1102498957084,536.8020789612342,9405.49536105271
1804.7317280008451,73.89850982978041,142.09552793797133,183.02000922796063,512.8215027341676,10448.743503387328
1843.0462867093643,29.772377312851614,130.30899015782396,208.00824199335412,557.4354886873996,8855.333189461902
1962.0536222145813,47.90686263519444,149.93246124114637,212.4133255913112,499.0639034251274,11251.511964466617
2207.748506974985,48.93837081181737,143.74436251611155,194.7184289855548,568.7019949834615,12361.15382306357
1715.3167928113348,34.51187396404835,139.8644842479526,194.35257336477974,552.6474109846785,10021.701834226957
2116.7008586848356,54.51462772011401,146.63238395246515,201.52486632282597,554.7774144930959,8885.297176594306
2171.4498685367757,72.6191922707321,148.63343060157018,189.4317217319315,394.169728467472,10581.6106586461
2259.805641963991,59.25908201479157,149.06290263522249,192.30222579003672,602.8603913997908,9727.827316337141
1796.3474335310907,55.06705398499915,180.650590102884,191.00547042622375,538.5255334957194,10414.795880250054
1851.3868496173257,54.30289084547939,123.76561933614295,195.41682004594892,561.2727903907293,9372.289075538638
1585.8886154959357,35.43500006008689,118.31174003494891,208.18639094991772,392.7708492232913,10892.004867936963
1781.6849153073733,51.68039591159581,156.28225311741713,202.69078970030148,528.9822820454061,11471.16856735459
2185.007647201298,52.825097693461615,144.09047914449437,191.20036684965964,471.5526726034362,9878.475948105353
1877.556085091875,46.46090835295856,133.0289162540949,204.04254939945017,456.1321169130909,10278.548300547885
1969.7193688245752,48.06625392709196,162.1114884948334,214.86147371854577,448.43294761322807,10617.957802867491
2276.314901327894,57.65924437981103,129.60738537605252,191.93652720118425,519.040139597576,10349.567415360829
1878.1497172669658,60.80414915891662,128.06373381917524,200.19132704955112,522.6272489598175,10540.584747331945
1884.4351392945316,49.30677725557888,158.93996989202324,196.90460973350955,517.1693924756763,9350.56800013951
2304.130469169254,49.9957672171696,140.1831963731246,220.22543337328824,541.2022662494722,9991.586124678448
1915.8135759794793,52.76209212248291,133.19298863973688,198.41095217842965,493.7303546982086,10874.602382084417
2047.3415139516494,51.977787647868865,182.65898494979197,212.73153023400957,564.7171122339957,10406.934383491744
2007.7531341967222,43.608956479358866,130.57682235608775,193.79440444345335,538.3267817849179,11738.734463064087
1780.6744811630288,40.66003057390325,135.59208660925862,206.72777042052726,505.0927740264393,10125.661143077215
1886.9696086973006,51.23375012708861,154.0218689053623,205.2392311849066,450.850460796139,9026.395064968754
1777.2951973636511,38.16960664388346,180.96856567915663,212.1648834104049,443.7814393287016,9247.099049835873
2141.540944727192,58.081803568729356,166.45194423850637,199.34500920906615,516.1050092658215,9846.653199498984
1883.1899902823077,54.60552051566949,170.0797704067388,221.67784414252975,512.0219239292159,10531.380274104275
1942.9338404424232,60.82409238686154,132.81085596539344,213.64836467432136,429.26416218657664,10860.270957581133
1902.506072485968,54.56567975995392,135.81423913492205,191.30047935041506,480.051758025341,10966.3301789565
2064.9512613949087,44.47874344183118,176.54691042319905,197.11976044336083,532.2291173534655,9863.262264262252
2450.65656810881,59.59381759516941,140.03809116492155,185.95481240862955,438.999370787245,11695.60976614644
1917.850374179488,65.34218561417258,143.27027935729714,197.05851492585447,496.08216340741933,11066.524363481007
1954.550610597503,62.96042248692425,115.41089444139031,205.8251814980829,488.22521944270335,9572.721848201298
1754.1682266963332,47.95029262138037,175.81095081009778,213.51110578232132,495.34553280670144,10349.409812931286
1935.9726834666005,58.80492458063688,136.9921863913658,198.29636561629567,532.3552378625076,9660.09535465279
1745.6702829429685,53.47013404086711,159.68236535455202,199.91313815816957,648.784759741722,10612.599805774307
2100.104982613231,40.43152043086289,199.62360002678992,203.04880289129719,527.8540201737179,10201.82054337658
1985.4455887561742,61.030448599580176,146.56314151692303,200.9781908091442,527.062332042711,8678.502412057413
1858.1842023271101,31.93381756641921,166.12413003224435,197.70378188365666,409.4433264645249,10461.131655466233
1999.7728971694269,35.46644416287068,145.2735111239512,220.02798326518044,482.20164583514736,8653.054811343609
2105.7620766986406,44.406739395017055,163.96730693798733,205.7910781838891,410.9833839615988,8677.817104596052
1903.9863919405025,58.036102367764535,135.4133969619527,196.69700658706506,430.91928311430496,9951.915862508587
2001.0968573242233,69.15195440335008,164.81142105064652,187.31283992243584,440.2905246498211,10887.247615614457
2242.8819524362802,47.710298812051114,150.69184145559842,204.55532867867169,644.0250580270381,8271.834094721888
2066.4188102393164,53.7029713702796,166.38005915355987,192.23260185023605,500.5335835634208,8988.572532485932
1917.0927951013514,40.25765100998324,154.90969627423357,200.80923835474456,434.5856178795801,7445.051348374751
1697.2429841949986,34.096355274117904,135.8417379904108,211.2792966398148,538.0500186939337,11242.146861841311
2003.5809331251717,59.05296967355589,165.30440787208795,191.3437726406833,546.172076008993,9458.324102874238
1839.2193283230674,47.88349201126966,148.0030371474288,215.51658773369414,518.9665669095317,9794.748871119136
1830.413612843487,48.41003866242667,132.72551653100774,223.41378029802456,506.04569806385575,13388.873369771927
2099.028970300941,40.58036530364192,169.96077868951573,211.26683477946676,395.2416175996824,10950.193905825943
1968.9148776424256,41.98167772237172,135.9711702147999,201.9874395681397,482.6011884752459,12036.800804406406
1762.006072117978,64.3187515642812,139.0066394892089,193.71233257875548,522.2592164831245,10945.853999035968
2127.3288569705715,39.56576380539419,103.1585293394318,202.55010142967302,411.9832758178643,9425.07253357693
1905.2071500534719,51.016092520297335,156.96112845055984,189.40051405312698,471.0877740748397,8132.024861043101
1931.1045907452378,49.239012229330655,145.37023190813136,197.23909767751573,482.1719500488602,10379.271702730211
2097.191346373672,46.621385984810686,152.63709911638009,204.71724768318057,511.5781422966776,9933.569349863412
2151.312279298767,70.98996087201085,153.93246924774343,186.1551063852144,498.56983995716143,9315.595043539706
2122.0171813529305,40.93993769033314,148.56134539267566,201.2639106992519,528.5407462607621,9220.425472327483
2049.4239561034424,56.46421824675076,164.1683470729341,203.0442258997309,545.1260016573206,9386.500671410635
2060.8166104899337,59.804007744373834,149.4299841233841,197.11557506412444,474.2031657673538,10038.773851141606
2010.2096978449101,55.31018699605331,163.92030889163675,198.7966132774657,400.1268215378223,9077.062457219334
2108.4997821839097,58.17011446049368,184.15606350606166,187.3877004227732,411.85012226740537,10985.573519410731
2277.6834525667027,46.303578854052745,145.16175745675065,192.34186413335095,483.3015912519348,10357.561824524635
1830.4130290645396,58.311291808785356,193.75738179709376,203.69237155497112,518.4454479122581,10382.46726262663
2265.5562218193854,47.003974949763005,152.21072448863504,203.0631825931958,507.35739985882014,8705.932869566583
1907.993746522665,56.475024619629416,129.8865501337041,200.61426354688436,523.2262628567206,9455.471141513957
1930.6955981596664,57.54012892238872,149.89323341935162,199.93931572854765,521.3919099268546,9298.07006852146
1908.9320427000225,42.55157071379969,108.749543437875,206.16257767750307,498.92704266998436,10636.563677203527
1879.0347385110135,45.12092240549407,133.96594989647593,192.86973059151947,401.0186341932309,11313.453984845622
2135.5143053872966,41.22194065085111,155.72796252538632,184.7102752636104,498.6834008458658,9152.739692044674
2236.246240012127,62.196157202468854,151.3412645103963,204.24086004028285,528.8833920972897,9452.36363489838
2082.520055060198,55.73731903720616,144.94845426139662,202.03096842834705,586.0464509819137,10190.493553759829
2189.1640981187393,51.943368569962466,138.40187232728098,204.25806843681963,478.7696788626148,8971.091958280045
1957.3479632157282,56.30325439876319,149.52299402885546,206.0525597567752,584.0796821666428,12077.608463168013
2287.2302444709603,45.77250081533818,140.3666306343585,213.64672959137337,571.1382865542118,9882.945834775044
2246.1678458379024,39.66015754760853,148.30821332091188,198.32806387648128,422.4090305250135,10353.270673986688
2281.2711142407056,57.98855445891676,176.6970489927495,196.3422036061783,469.47530955166405,11434.149838429936
1715.4150939951978,54.85913507517266,166.27617773918038,213.0832910076313,469.6326613863162,10104.722269492258
2123.8820392636476,64.85055122826418,132.29382270991846,180.88008012645628,444.8309854520105,8234.916404599882
1986.5604658489463,38.54047721070116,171.59889241845602,204.7339739213349,559.3730135968962,8463.78990317484
2086.9365974519355,67.80240164192305,178.27447341563078,186.85340220495064,479.9292452272773,9723.36869445759
1828.978345566309,51.52003717060688,154.76071601889748,216.19228763126577,421.711213586061,10609.682751709892
1906.7336575344093,48.37648277698473,158.24050786213115,202.46263783430643,420.28109451811616,9732.884231009903
2161.069450920825,66.80199264941857,139.24837732244032,208.6881039271507,599.193388329555,10171.14567714315
1891.6881918439867,48.560025856649624,164.1322207939697,213.00066695725903,508.33959630561407,9436.333768322445
1985.874764680088,37.32741475365723,152.71011194802472,208.24084515542395,548.1489593415907,10741.327442483222
2122.7160479839918,46.21288665285022,154.20531688871472,192.0947772547323,520.3621595555479,10059.282343105147
2273.958475084736,35.49493983672484,142.31825783238256,173.69946673960044,491.25033676370003,9488.450077729407
2127.175834003645,41.84954381505847,143.6074536344479,193.563086688842,525.6040265743827,12014.292786593185
2074.7570364030453,43.095460700004026,148.66042136120993,197.00816231314292,372.90891806452555,10144.825159228998
2073.4951692119043,69.5220920340184,125.43242772457069,193.74099418790166,520.8799120982757,9079.057583118201
1840.673109253803,56.26047067292011,181.4380676494023,192.69195981443727,418.5076295196707,10751.867235843256
2006.163471255561,49.971211016199135,124.62147613496718,200.997140001396,552.8137721688939,8423.718231610552
2227.364084955771,46.52852735111041,134.4451595342363,208.624319090515,453.24653278028717,9907.193460131317
1942.4051768683794,59.79656554808795,149.60714286548952,206.93426965035164,511.8390291449748,9694.149472155552
1878.0240394798507,50.82967897935486,165.32582934709689,204.39191423284598,527.9328990686602,10733.006656301302
2057.3172348995677,52.97143001417881,144.09859512534558,202.58351069904367,515.8195459250456,9507.720732280317
1816.8516401860797,57.83532708766369,127.05287165077944,219.15059940781734,467.2036196685539,9657.834079385022
2174.073174808772,48.57155305388759,148.30380557888736,197.40966144182403,534.1029817205267,8489.45350761842
2070.0555954296988,43.218071347976036,150.79242022479733,191.5101641062311,507.4084983246949,9059.486835723004
2273.781059469302,38.43724933775793,153.2141819476814,206.65198730082287,437.06596324905684,10625.950224207849
1954.3845091842036,39.43239119781427,153.4525232866478,195.3359360782485,512.1907628013829,11347.580470080657
2142.329611993553,58.345530395697956,163.7796165880459,205.42677200397623,486.8724331000547,10088.109716832205
1853.182499720948,56.25968013024389,140.22177186934488,197.68896430542924,475.2741601997379,8754.245970717913
1916.97915788996,47.648904968147214,156.23485432842028,199.01176730572774,571.8909737933851,7593.462401140203
2193.3195093977956,50.37017838683768,154.33182907707055,204.71537572059145,462.8367264198977,9100.392189370117
1823.016127064189,65.87240985292775,151.9379103999805,204.55999555641822,580.3213389618041,9324.28527010763
2136.1739806152054,44.58754153471921,172.7715075922,198.63828894376445,468.6371418069686,11247.64991640343
2020.555858550409,64.37594702035813,137.50783310414877,204.1881231597479,512.2237920506499,10425.851983088165
2004.9764723161816,65.34362542799994,168.2244825545316,200.26057433221814,383.6580851561854,7977.7430185171215
1996.5387660478273,38.68681524291738,164.82224444326357,191.37508182724187,479.41187245180794,11730.051559250805
2113.6470414632445,47.441892757787556,178.22263101805692,189.78564616486852,395.10531957023835,10936.022538338599
1483.117298395308,44.485960394912865,155.87251952156396,183.90670518474482,566.6216398141328,9865.157384381526
1697.216402746667,38.225117786506864,148.74645592548765,222.0637727577811,574.591168719863,11790.21027495187
1744.2963791575435,52.1997343691634,150.3603040500819,205.90036628697916,469.40110405024006,11580.529648419404
2064.995123903785,47.50977207232078,166.43598001597877,203.12626905863036,504.5911463100942,9853.539414597046
2372.2157232894106,62.420855223719045,126.57215543194519,187.60766888714403,579.2269209780904,10458.139049353484
1713.6821348667738,37.63028003175833,191.87058649742534,197.99143237016312,511.9698793198432,9593.197828134493
1649.2032245187008,60.58237579402157,165.41851507548748,200.3615897215017,578.39604918014,10186.028353502164
2074.1510923893243,51.1227998866157,165.28063003094863,199.2209790034391,562.4729379375656,10025.602504965953
1871.5679012523701,45.0020271771408,165.03690141991464,206.7172517140152,510.33212152421146,11301.860665740624
1594.8063283372712,55.41400831539366,137.34074335140062,190.82570836122505,498.56626425379574,10727.582830383977
2109.271387456614,40.780245595720366,139.73433546217703,191.36840873946858,468.31879950567753,11805.231380150071
1929.2063657527,45.22945204428073,183.22338569488332,202.50262280217456,537.8869097422499,9340.15623244001
2378.5885509983755,51.811289488183746,161.14370522248987,203.8444300529067,445.5025817675524,10973.845424685434
1548.5245353645282,70.16340726493907,147.6406233573918,199.36634813630346,450.01656986720656,8871.94785465761
1648.5922734329906,47.842502438593456,125.16644001818688,196.57520487383854,505.6677918739707,10916.17578025841
1999.9374523280974,37.87514830755981,155.11959840212236,198.7445991063927,545.9484027044346,10727.62106879353
2158.505679937286,39.98009464670449,139.1242513959517,213.20964616757436,480.9624129473256,11378.883397049833
2307.58297828192,41.741100720469326,138.1736887342193,197.19751907972912,530.5156336322749,9564.390448215709
1957.7298365317542,62.48061531958235,122.8629829815823,194.98601717894203,473.9117750864625,9213.82430160477
2184.2797034113605,55.84724813885275,197.39510749690328,203.1860191142498,501.5525202177809,10008.21262734083
1815.334025494854,61.17962942101346,159.67372757672652,196.2993914106702,379.9854182532534,10207.122706470205
2151.3188382420362,53.39234727767388,109.944860065601,206.82546988373466,537.0643712046194,9712.387528133735
1848.7618203248512,71.67825740339642,171.93138015254658,195.8385842508336,468.45555818497166,10458.728075325687
2080.483984649697,46.96872379164983,166.27588758399028,220.94561278249506,463.6584995929517,11334.424746447206
2204.832299687296,54.91419779419206,136.47875676955357,206.69316939892065,534.9071001005161,9580.550782166494
1969.7096886303577,46.38229346995343,166.73889939921213,186.74588696161786,537.5760806849016,10272.633514678817
1500.930324827989,51.28173295892757,212.87924085499162,202.9228949068523,461.95484258557934,8607.51721163108
1893.6680373217246,41.49579468791527,195.47912376982282,218.28807961778145,430.9817918580351,10225.038284151115
2067.3744921341386,35.736140545712395,149.68727679431905,196.7895966817511,509.82897040459824,9174.36028639902
1971.3871214978021,50.062992053211495,119.96828049284701,190.1217686675489,572.3499196424381,10141.52966971574
1725.8670002458741,45.629354042763744,169.64811716186165,183.2314335736226,453.921184996869,8795.69737573217
2384.801651950248,54.017428657769045,126.03538262945106,200.8793581322779,546.6681571041166,10396.604929612487
1901.811923921132,36.58248692045876,152.75488362420475,210.4967493622713,469.6832908632282,10856.244730268896
1858.2287873549185,48.79322150900191,137.5592117152895,177.26411166434045,555.0828362942468,10502.92040107339
1825.550426850707,69.98750197812718,132.75113682955606,195.75306313201733,529.1173796542481,9243.61728643987
1672.5299531580404,65.12518787433227,119.56561919384825,200.85231989562988,455.83580231910736,10372.03282709285
2286.671552796007,27.26006726266903,189.4345616139911,200.84958973255925,479.1264124740216,9928.27767690266
1979.4395723757027,47.95913425792265,176.83593376266975,209.21210964695513,570.8354090029627,11598.471719829586
1827.1018728906463,54.64968102303915,169.68069862270147,196.8464240887906,504.0146672185569,10005.000706679179
2015.4582952887883,40.244449521901416,123.0758149479096,203.8011491980642,462.3366277427891,12598.408759591915
1774.4982095517605,53.24525136974251,142.9849148058472,199.3372690977959,465.19334932709296,11934.909411175462
2201.7923001451945,38.19743222063323,149.39849682475062,203.18343402558085,455.4371753145111,11685.57821662836
1846.9482424143973,56.096793970859714,161.21987404931838,209.81016643183779,617.2116660384174,10005.41681024565
1847.5533542621847,69.94546719031456,174.01839549785316,195.2403047781442,443.750794047808,7354.809050337426
2135.2715652118923,61.31357921416965,155.82555167834408,200.7937101006872,421.6772342059255,9736.778028989345
1886.4371990986022,52.788219493904435,131.53241385101722,205.6793190402581,497.58214593778484,10402.023564934902
1913.3026289089555,58.412672063673334,161.3210631571317,200.5128803585028,406.61769113630976,10476.236013011709
2166.505954781289,53.30259443316155,153.6087517924073,188.16348955176682,404.22807911743746,9705.106151558677
1605.2479575777998,58.00164972551778,135.5001237972008,213.63635499094275,472.50209169731875,8620.147648756749
2075.974191856342,49.77634277520472,151.92798944317292,197.74499029913693,526.6544800955571,10609.99835625533
1675.444994494154,39.2440823095798,155.62871328604436,193.21951064898334,426.44545057690186,10216.744270322468
2241.4162333689706,56.40634229875812,129.77781576648428,213.75975604630355,542.8363510186288,12474.67779802366
2422.3208442015793,49.28269077779318,156.8848676534015,190.77220340287937,507.77167977299996,9363.816289861825
1718.70770049764,49.43226721245004,180.63645128495233,211.0884257818235,551.2441735663122,9900.663254693047
1918.1800128429666,48.04291334875753,114.93570796408505,202.69532768914397,583.5872055828586,11187.740307002878
2296.9096400908043,48.43832384890146,178.3353973580135,201.9189595702072,512.9076931661311,9748.976852545993
1805.2012729734047,34.507216884620114,142.8194734740749,195.16937924831987,502.3017620300848,10416.822401567097
2054.3811620356387,60.81583203230515,165.0377045115634,207.2828452260221,520.5549491018543,11194.532822815641
2088.740872208574,64.42760511771878,129.84161111438956,206.19559227703388,515.5660734611492,10435.359679109759
2114.590800842188,38.72238266606385,139.46054643041643,204.6953759613059,617.2332106291459,7569.206681947109
1632.34055645952,45.7996203860246,120.42488560758557,205.6695438157845,421.6055741299695,9450.613533700545
1858.743659413527,51.67838181006031,132.28806372802998,208.6333035480139,501.24975831514416,9182.577100063383
1767.458068922882,25.175669489574414,156.90656256850733,198.80722300084415,480.1890718866687,9601.910189409762
1564.1282853418415,37.403109319297656,151.73244665235853,196.70440440301545,461.5000946441098,10683.919796487724
1956.7414927436312,48.15700502932813,149.39480729470287,203.5246973105045,597.0039393183608,9283.416880090708
2208.2326384404764,44.349617491551584,165.83545948051278,198.2609193394605,460.2138510943198,9818.043562601775
1844.7366979841038,52.677370503868026,160.90937488716048,212.55222630564026,455.53048768505977,9898.587257837597
2324.4103987384437,47.264889552475324,139.37335529131198,196.77743263711184,438.2106824417455,9622.716007045849
2153.3451331194474,34.23971852202236,142.1537471905162,208.56565269815255,538.3038162763737,10997.2085906214
2130.1246440912705,35.73245507717212,116.76874608265936,211.6144914668548,523.7017886211137,10912.53907403654
2082.49602083921,55.57849818017039,140.6273566220345,195.67458884915337,428.9463553824942,9472.943374543998
2230.0890846034426,52.166240524133094,153.50444248083323,210.5579446998415,447.32012947376774,10253.493855065175
2023.2402425176567,45.51215714055196,144.00037279466628,192.75895341684335,451.2912978262172,9862.096430723723
1809.550264627812,57.064857094490854,139.29497897279975,192.52557479692518,428.4719343848564,10616.323610623791
2162.142858802207,60.125327032078644,160.97874577750716,222.79707996098324,520.5815858425781,9644.044762557121
1589.5475994375058,53.784759923681484,104.67090868045642,202.99022679887028,447.6880010958954,10975.590191332685
1926.0966633604746,45.08074219277705,166.28033446435492,194.24260618862854,495.99560308127326,12285.43012966332
1858.3610915582012,34.57017250294369,140.0708929083806,178.79245639602797,494.86948090485436,9527.880043272131
1866.229361734034,51.855548138084224,123.5053657072848,198.8312104788447,523.2823352126694,11999.93554554905
1618.9075017190073,40.835418981326136,146.32280215436475,204.8836860202876,537.5695007249552,7970.967648252056
1601.206179319447,37.1494200831181,152.48913458163213,206.99582806443814,468.39520876538444,10370.526061602508
1560.801414311001,54.77265416685888,177.3888235007521,191.32416003910788,490.1101578184195,9417.660428042253
2185.7070968727758,49.142909636561214,151.72324477330807,203.56242923945018,476.3739073179638,11985.068254107553
1933.3725495381896,49.423690404134504,125.05890775924922,196.1420775077694,439.3347693214565,10292.621618548112
2203.027610403468,70.02620692480318,123.44101459452585,217.36670940843229,564.6368088329269,10022.32496962137
1847.3308603098326,66.29552271155676,157.94464690133245,209.03884516842598,475.8420339779787,9734.018611825224
1907.8433825946686,46.56531188002698,127.2335252131116,202.54916213331248,449.84907968690896,9551.198445758708
2216.7713166316416,62.70094015444624,118.19249595861021,205.42199638380833,556.2728805429231,9955.564878007088
1761.4971986984565,49.67988035297356,145.83782143597114,195.03427479063416,382.32084562311036,8146.576103518632
1702.3258454466811,44.87794001369802,148.7303883004408,183.13731764112921,479.1061927066941,9614.32523137139
1957.0647267936552,52.08808700238121,163.83452403731238,213.82603036916908,532.0001070961032,11433.658105799705
2392.7859396539725,61.47972474162325,161.25565342366824,197.6296961122392,427.7481585686015,10249.658187255978
1491.4693385878609,56.917814418967204,192.9152169665548,211.10105932447078,567.3906951189481,8965.462473691114
2180.3790864134276,56.00151033823901,135.58724648230532,188.3712978024541,482.03652558483583,10150.650457735079
2261.6779130658565,44.54135506040014,159.14216583205086,192.87800099063855,492.18566409121667,9210.587958817205
2138.950229123156,48.923197870964756,132.18485747349146,191.88076286265525,449.2329222928385,11455.206647396657
1876.4026711219067,39.09150505155619,123.99414361134136,188.57680042501096,464.1546717248177,8577.749024789358
1809.7297101974536,57.31623914878816,147.02950429421028,203.63370739535037,501.4601659079777,10816.77368826204
1916.2784539512472,35.875598487196754,152.04990839274745,188.7727762902537,554.9847733063581,10186.885786876835
2077.650549230786,49.6556320460652,113.72596765020239,192.7053716031851,605.6074133391696,10214.611165985574
2053.2378933247255,43.36901079313145,102.02731776952977,216.7095047094652,496.58590451917183,9681.32646636917
1952.2480807907716,46.49627007568239,131.4905478220103,201.52061384339873,524.1488580640116,9538.258001711138
1901.6128094445726,48.249331830433285,161.6766100138611,195.58264316000992,465.7439490769841,9842.169962778513
1489.9959838951847,61.02232791791282,178.38278944742382,201.76769615005858,464.7141614852533,11803.630816774967
2334.7886307832737,45.53427130091508,163.83152320040753,178.3926413335497,520.0812129435103,8018.399125264027
2013.136695241952,55.04405943911329,158.9216752730613,187.97460597065626,505.3797449686261,9974.921387644754
2080.2521386248345,49.92284342792413,142.24751919236405,182.82728565168006,580.443268788402,8886.075298195567
1923.292654610805,44.58309987669064,125.81026554216479,203.75501235443406,515.7859582091821,8350.383783962077
2231.617551671551,46.24210196445746,159.8174139272413,201.5953362387065,472.1349163958325,10224.773569369401
1993.5042647331975,49.83691799140029,154.12340034441854,191.34167773714054,613.8524277423647,9810.066511568575
2187.6875687425013,42.43124563370311,171.4483070698686,192.46442652635125,482.35003752131297,11069.615958023991
1888.4911045436684,51.0049712827705,143.32292023086282,191.33421134670246,478.22455418371663,9349.129138627615
2047.7880799436437,47.03263014826199,155.68227668965983,192.58936834020517,546.6506460859257,9593.073772243768
2024.7534801479,65.94789227838137,151.36238204911518,208.43157204082485,535.7726138404419,10570.108594294166
2280.548874343025,50.78906207637774,149.5771441982403,199.8713693574522,464.44966454530476,8609.214547043422
2080.3884947184542,44.4807262953816,147.56970178975428,191.9905714755643,563.1454722429255,10249.381157123224
2070.0522595535767,48.31452500713771,168.11362170274936,195.1970283643761,469.79085568010544,9161.924234915032
1683.9859883985332,52.29899437617098,174.59233120325825,197.7353987719265,607.9378529115672,10190.58688195414
2314.321407347466,46.19187667936886,124.13266645849255,215.51383925810282,451.46051552303084,10446.284591386499
2065.0589821405956,38.02345771873859,141.6446343389759,214.0605404688976,628.931545900624,9433.377560017092
1643.9867907024793,47.945290788839365,159.81636115304306,210.39467774232864,407.76359811394525,10404.560101290648
1857.9714978832121,70.57864208437468,145.340995753489,194.4553006471009,505.8157033608039,10748.713651330088
2014.1264308905959,53.84827965133775,166.88303396135302,196.80875965912523,491.0268194344774,9117.75400031663
1638.9178449723054,70.07419737045144,157.39496147405907,210.58477959305006,460.31440980227194,9262.20689242011
2346.308556103091,51.84472738591565,150.30664862170602,186.92163403505484,493.2621956225722,9385.965584091107
2076.6669507866254,38.5309598052094,138.1720011021573,195.26562023876963,503.4469292839969,9238.434069497742
1858.7408606490853,23.232258372710373,103.52337850402944,193.45395530919717,395.65407374159105,8837.688108305365
2029.1622283300007,68.59858839717327,152.2378805386916,196.09400089547626,509.8997170670003,11190.15536299935
1837.1871814664332,62.20948025652828,149.61744714112962,193.06799276932824,551.0978618155057,9933.007998301267
1847.2341292480355,61.29181356846452,133.87891437020542,198.28944731261168,437.1762605147481,10562.292105214152
2282.8087588142353,70.93272904825152,199.3563015065683,193.662362141519,501.0246869682805,10516.831670998288
1905.8268197916125,38.93076487487234,84.21367822661118,199.30405230330032,487.66986614729376,9354.592090846145
1766.9231701968713,52.11977989943571,157.85334604392358,210.7030508873751,478.2275755023039,10841.902563708658
2127.095864067796,48.24802343603048,159.6858832991872,199.292933927786,566.3171361196801,9122.813789249942
1895.6707785190276,52.75410310798785,138.31324242657317,212.77485201596775,470.7611798275767,10643.870500236606
2027.5333093003546,52.16220364439826,155.81445026514498,205.384243410412,532.0158515022667,8517.631205525151
1717.2347114654835,58.10236966252661,169.56965941273592,205.96137961657783,502.6372159601271,10068.772462478257
2026.4202542516878,44.77160688464086,146.49938904246292,196.26390817464036,553.1665777010733,11544.02960730294
1692.277635843581,46.90498486581411,165.13357794382554,211.00538042173346,416.15997928861174,10638.43226829204
1919.022206835478,31.328914898634284,170.75127919801554,182.23702444938493,413.2290359001686,12428.097284665397
2134.325602403893,46.797091744001506,147.06583900506962,211.12440081290796,540.6535170746585,9914.328255255215
1950.859338738635,56.627866088325916,148.9392307831361,219.15939472575997,563.7201408763668,9744.318246749832
2218.7674944594596,59.35630272379041,165.89383976519977,181.23193544201283,446.42881763961094,9673.260739418141
1768.9276707209783,49.956999604135326,155.5903241403191,194.38849970987886,359.9929243401964,10607.0647090383
2233.083981193464,54.67470584332639,145.89560095658805,205.94435882295338,441.8625063600517,7790.648255082226
2001.7944660802477,42.77264047950513,167.2364206152893,212.3534329387756,510.6214179592512,8762.893933900352
1992.4612403199887,50.17847992287703,136.91784192415759,204.61876181335114,476.71374790060213,10325.90609255265
2148.60389204917,60.045791447642415,162.69274007257744,191.73277061287646,523.8695266316805,10303.435841954222
2112.0502686671416,64.12174143408949,164.0506336925934,207.60360001819018,508.11407960798687,9628.060571484133
1975.6240887747995,51.28748607472712,135.86952530290705,211.16640071609663,428.6605285337154,10389.502552549859
1907.1837028490106,45.28104472395031,147.82308030441445,192.8619902504564,405.6074479722911,9562.160116634512
2039.6207944175917,65.60111207836029,188.4685214988294,186.75514090269218,393.69517545207634,9486.944224396932
1926.4297839721473,45.97489515381957,152.52359320309063,217.64683010295272,509.2846328110507,10158.080398050055
2063.278673620869,50.30048874657649,78.1136703927298,209.15184081433736,524.9804760326085,11584.59612785331
1778.5391003998386,56.42779081756284,174.0290498837186,216.71752643762045,527.7302787557704,10121.991296779106
1901.1357587671444,52.954721877117215,139.05241504394448,201.02500200931325,578.6402623025157,10125.210888213911
1976.6594737121927,66.72152619551699,166.91583080015465,199.91389314679927,475.40166790796246,9243.024378793505
1886.8775377344011,49.073478675544415,166.74502987932075,187.0485936238118,464.118541065682,12084.23683539003
1754.4874290500388,64.24871567143089,156.08531090677315,209.77361945211226,573.9627746545598,9262.438589643221
1796.134692238047,49.45716593185984,163.5727807965625,188.94166520095067,353.4102047905898,10318.740470934366
1923.2310968231475,47.91427806707391,168.92878918157945,199.94866634425298,546.7513112122308,9267.68727830368
1873.0498762730606,65.10262432470594,141.63975129139493,197.078648065767,439.517652864885,9940.169770604507
2263.1550698601814,49.99301068649717,159.2090028781051,197.26307984674605,506.9084282809906,10852.506538985439
2105.759102278256,66.48999561690567,139.54891258636997,186.5571958567476,481.29590293811657,10399.071732376624
2176.1207637879106,54.2937278015748,146.0570892581793,192.21333267805636,456.3360681942637,10733.07173269698
2049.451464453271,49.75331358454292,159.9369984877137,191.35067882278864,482.47611974836826,8865.017671422285
1969.6164964835252,32.14634185267356,168.84518541768523,198.2084564449382,551.0254422863466,10377.677667954005
2184.6381944046075,53.49610054598375,145.79338607326434,190.43956876889973,632.9685109850188,9858.23661717833
2186.631638742577,31.22456071065372,154.6046139602404,209.07605483935671,484.7921276012812,11028.722728023467
2146.7724918046647,67.43785640615152,170.80224670894052,199.1818455805808,493.18426300971635,10100.267219755624
1985.9906752784789,43.29042666494868,160.65766562620647,189.20610964265722,507.4206752715665,11301.313348412416
2111.9528935399553,41.312915395269634,99.87272952326433,199.91045081810725,495.8898855122174,9771.788512013827
1723.7353123374764,40.628930768242924,137.01612660590615,188.88598249877506,469.5514324923423,10546.624225259297
1789.5321638861626,57.395025905850886,158.0813045925534,202.71177145468855,525.5468369488669,10914.337645132213
2265.656339138999,61.17007662401982,145.40387283087705,212.09040773218047,517.1205516006623,10547.801111958152
1953.7527763600992,58.21996584799604,136.39012663737253,203.7141598967505,565.4165866612631,10238.767986686447
1970.459919819018,41.543543770517104,124.42051130153189,215.54794477431847,515.316735869137,8602.696008187124
2046.1303378743448,46.53185074935952,192.2614708328724,201.72064275251608,583.6213134354878,8822.92291146861
2149.1943726769573,45.9869777743168,120.89767794887602,190.86275426927008,477.79945912957857,10725.541821743083
1835.2951749877102,47.67537491722743,168.0901201140936,193.21763687340496,513.6124886963773,11704.338461827123
1800.9842249754602,45.141006212269005,154.55084867953877,219.82999161437243,433.9083082369159,10879.14577620636
1906.2025875577401,30.36498249648167,139.66942573073774,204.96395672243202,526.7332566156184,9276.184054016861
2249.2595049718693,56.40030993517122,150.67225778344473,186.47027197891458,532.9559551319699,10913.151000979975
1789.052077557537,36.83646476796077,142.52973857179828,177.63744410674227,490.8743820973736,8817.55604080089
1854.6870414569485,52.523966498281766,155.9547125409123,199.86792275711122,486.9989767216033,11017.187530514317
2022.405988194159,38.517950086560425,161.99596916865585,195.2077635619364,435.96249891982364,10580.158831372823
2033.502214115106,54.75120799622214,130.94759587644717,205.19100097302524,421.7703670735434,9200.603048451729
2048.875082720388,79.15368994480566,127.08492838654367,217.19864407443245,498.49972084695787,9810.788125015
2064.5233628646943,58.35748405702059,144.47019143588398,189.75302806661279,486.0924147209823,9290.71890670105
2262.277197330296,71.34946466650335,158.18423433126182,200.68616441080823,511.81704491106456,10964.132109074359
1841.940309274983,47.83169761241976,174.89006194959683,202.5414827289886,470.8292330036981,10229.638772828399
1827.1658781471035,42.63626978254053,135.80823189841632,193.29896535582665,401.8701344668777,8697.470107325733
1998.5900644952985,56.52654905639369,139.17966348054279,200.1248656672321,473.05021119395695,9679.525610907409
1940.5237514964733,35.13997084146017,160.29561364700237,200.87363561255953,456.29986509640764,8959.137051178031
2012.9823771898364,44.572805348974484,172.81087455069948,218.49416992397343,379.3470368912592,10784.144853394948
2215.2084408390683,62.141329271528576,128.06298113231696,218.53981048973364,524.0491924954352,10745.05679110989
2252.3580793499773,50.157729767544836,167.27619530444727,207.52191371604977,481.0540881137747,10174.418793346611
1941.3111583647765,55.09595337922111,179.9675647996715,188.07477067235183,518.1565766919996,10166.074779636801
2074.914719147535,29.55254482341804,165.69414083162746,205.67309718166675,502.4827058758191,10048.933797658432
1920.301369906499,50.22978346334157,131.209594473121,207.8973068142199,553.5445739277532,8826.963193013862
1935.6545823963502,57.905360753625494,144.2101857539473,200.7836645291472,427.6387508866,9938.227789120176
1757.4293870090337,48.796568809315715,147.27869323376802,205.54567472717963,453.81969391378414,8514.629892261733
2217.8097565991748,49.66284237728364,142.054727377975,194.49257427844213,545.2134092720835,7221.239264270606
2019.5584106318058,54.40412670374249,155.56960563319552,209.18719423798504,514.3050514001923,10412.996632899078
1800.8958350968574,57.58605355861927,159.00366912854923,211.90667769811574,522.7323793877449,10345.309858661603
1888.7064176329222,53.59785419506649,156.9570304595012,198.08813610067992,533.5496228534942,9786.589472611799
1800.859073078341,47.56657455391399,146.14383453289054,197.20849031282347,565.5521475460304,9055.924009854196
2427.7429003682646,60.64256122066898,173.53394663755205,194.13685074830414,456.5181007482401,10463.025585450043
2181.986067627761,73.77626877503872,147.45947204783823,197.630618042535,505.6746434640069,10326.051718120285
1961.8961865173535,36.33419297347682,129.90646548821704,196.02638310871686,565.1322952977255,8391.739673224974
1483.7597460202587,40.40004926851881,137.21529304889333,205.05105934526637,501.2210925591831,9650.576274607578
2234.533381809203,64.74896844590758,120.62263316326562,199.6086357171276,565.0933902866707,8476.643237688637
1871.2792197654774,47.91246987109577,152.61066720111128,200.38877388760596,437.46329983255043,10735.855157500568
1671.575353170099,41.04272161813937,133.27504787790446,205.53004299612903,490.9282814047107,8934.667568782883
1967.3961392571985,55.486789028388586,154.42396227416313,204.46034707675327,488.4754319509808,6933.34703465882
1864.2242716451503,50.61119335778016,157.56141445615026,193.29761607248798,466.7909231401372,11215.550255439046
1909.0980524160102,48.4873471753594,160.1228860239908,196.33538891876844,475.84906527105875,9137.825144550523
1664.5205163995374,57.47179217611983,178.66346533536554,208.2143898347813,508.56519169782354,9447.190447579951
2046.8921188284135,47.687924823705885,154.27641267127063,199.14041950819785,489.10341399325716,9201.396217579979
2185.1276724506924,45.7131313945771,150.38548920669584,193.7969262315492,451.78027867645676,9211.067474055648
1921.628639880384,56.175178908599136,176.4595326537899,185.79555702285393,420.37960933788236,11706.251007274268
1991.8393694823662,47.589434207638824,132.7280412840311,211.5915392884452,533.5847608445175,10038.29394400123
1881.3900517104817,44.485986247349985,159.85266975496194,192.74616550185138,514.7227721359382,9557.707135693494
2015.1427168031673,51.76985207330942,147.33400989341533,199.16542328356857,462.19672478790466,10605.075664601149
2295.303416352046,53.65424739759705,170.4086485345748,207.76822166615352,490.0344830529699,10324.153227492876
1838.3610390255178,61.83928761417316,189.72009368188913,207.39873389578858,502.0778174501271,9002.519499338116
1870.1359175136124,50.89303790795751,154.99407387203593,211.44702745560363,457.86503388308637,9612.59150519765
1898.7492353230425,51.81001574570092,125.69417369814364,202.54826160319968,527.7826899092821,11947.654684143028
1845.711384454802,68.75707544371343,163.64376196352111,185.08206456409576,565.7197663696105,9530.640497469065
1768.9926493336022,51.04090216878589,145.55970461318284,212.48500539876528,527.418526890492,9469.753374599226
2108.4542378940832,67.63253322556605,138.27606350086774,195.43928925408233,536.5244814770189,11414.47731089772
1966.2877609488187,49.94376116152106,148.48732267275005,193.51109361593635,463.5591326221152,11552.149804874785
1845.2483513317795,40.09878797263552,154.36542594007253,170.81423923388573,472.57135093125714,7723.676982766019
2475.6606618702285,58.77971524920776,153.0911855994119,202.74244332887207,480.53631518916535,10214.596722170709
2061.374894703163,36.840367315121824,136.58890557137107,209.16057241843183,468.3302257057273,10979.689561266467
1823.2045021082058,54.19048675747425,109.57508836034425,189.77742356602286,494.12252316266313,9865.058310060389
2050.97921740734,46.90684148030864,154.8744269481202,209.39529080416457,483.96845525565334,8496.993678688663
1689.4443408789102,52.225347583927054,179.32698841604636,192.81242413240474,443.88981730590353,9926.431801369967
2085.0873596414403,37.75524991294599,154.511451450828,185.65017744601664,459.68363108996374,10936.602291678126
2173.503071455236,63.65253253072233,132.09479389975405,213.0472998962334,440.9224412396139,9377.781875983224
2332.683915718477,71.42766638891922,125.01103856904837,204.3173006626542,511.91619424101316,10838.87112063181
1963.918344710646,65.47647024553935,152.35892118987783,209.2536903687833,504.4025801015069,9789.39710059252
2344.4155678121174,51.087698643959385,188.20580799032197,193.84189492893475,513.0947946469416,11039.335178837791
1645.5947387230644,61.6333512453474,118.35378710125829,202.4536000800042,526.7162272264898,9377.370724879767
2060.527552633712,40.52153952048534,169.80090406579322,210.7140873737426,481.51269523185346,9774.178605641233
2023.0731566499808,50.54275525534381,147.34595332280867,193.30921406581493,498.44062153872915,8143.431909642479
2104.1584533598652,40.24013987706204,187.9795662880348,179.7321423009308,543.3873801000935,9560.652482639949
2226.7752650689713,62.0245832035816,140.96796990214358,184.5592726073633,502.22461941124783,10136.82042231504
1918.8369683107915,52.510955406735135,137.452934833083,189.8157316429684,511.86610165369655,10075.425032923416
2094.277359910199,48.40296471028611,175.658113681601,183.55399754936656,431.9561429109492,10520.450471972985
1920.3144651442954,39.81932881034736,119.26973950092774,213.70801214968677,478.15099866631556,10761.320690667679
2260.2916731802675,50.85505426289313,151.08173781847483,208.06796765138319,452.85187798901944,10081.066102401
1901.1893137409033,68.05733785313615,128.5594144783835,202.772328808871,439.7546984680947,9566.1347038414
2244.064009939464,50.49542230151066,177.86185998758154,211.86171656248692,511.7975100212837,9755.265986566248
1701.641973199011,42.941246925698884,165.1877047968395,202.99522738199963,544.2123931544545,9778.350959003767
1884.8466093974089,33.10863291183443,140.98987778493765,206.27204172202894,543.7810966275676,9226.005726661777
1749.01312853955,53.57825469989162,166.47249140412464,195.61074114346295,538.0996702661907,11192.385041327685
1927.1852405997943,33.36299115893831,130.41697881742738,183.13921961756552,493.39091722723265,9383.872035075305
2040.9656733528514,38.19673247837896,153.09870606334079,198.55619154284338,439.8333969077441,10477.828888348853
2038.9146692282957,44.06608974993972,142.31730835886083,197.90624907756475,443.0108778924535,9070.251570505989
2261.2517202673644,49.390834488416445,179.07921806170853,186.7539868892066,491.2114486810907,10636.451555533797
2276.2334236090505,42.491897240308575,175.03257079640878,208.25566579821427,513.2103719737189,11007.655149578584
1821.8970751601569,43.45428244549199,142.4913931787216,202.45555378270967,537.2247042532568,10041.216663133488
1957.3162458936615,51.058612546107156,122.58116844667597,186.9647567621009,519.1142160969345,9590.335704748144
1696.8254722951694,65.64738607307815,186.98231053168118,196.64058873058033,527.8657271948221,9657.670371607383
1744.9311428519386,57.02081142685138,142.92455103109927,208.1854300275062,527.5504965317899,9768.945666548578
1963.714316521692,43.66018391022135,163.33844128520172,198.52363066155496,540.9611973606534,9890.11518542461
1849.2949435146747,65.1349151077199,160.82751307461015,205.37232336343604,606.6877942369532,8761.560334606686
1870.278370260481,59.06036947554034,142.42520151188572,197.76266338845204,451.388469807633,9975.028795158743
1968.0030795237467,56.86291669661584,133.78721591790097,203.1230195409268,590.3035373381501,9019.002711386616
1831.6557861687022,47.87254720666188,134.61884319464286,207.80396182905562,512.1373479460133,10652.793019730978
2154.1096850252165,50.78107443553637,150.03928484638476,196.02912558469717,510.02523393714733,11431.087566111873
1851.8826617036923,44.814587659069566,136.53085412847545,195.63188617611112,513.3412843907251,9890.210253938263
1944.613385153021,40.19834619415823,153.37280178304258,199.50279780736264,440.3047629120513,11320.043882892462
1928.2078618000771,38.90426383542583,145.7440249474408,208.77225106714712,539.8300268853052,10092.616067461824
1900.9323668044758,37.463303737050225,114.3884192087788,190.2633216244692,505.017855502832,10779.377814861406
1773.4831214359292,41.25874773192687,150.91785283799808,181.86046986404864,431.8674953158505,11124.50026183066
2062.294461559749,62.854040998427365,150.79762751762874,200.24598953556963,523.4921945782161,11075.697909846698
2136.394176414654,48.788219205611135,155.26664325002247,195.86430820856,477.7916413017549,11450.110123075774
1578.9658072253044,42.79880817061,94.6551782766956,196.75402409418646,540.7349134178621,11494.717315217707
1961.003406948585,60.46674100621008,172.3791833427412,205.04156411653983,471.7262565030788,10041.360451376626
1685.5022657375725,54.780766197133566,127.74078765564256,216.41158880363454,524.0311273111757,9461.644818480754
1558.5630720116358,48.25321177569682,180.34891212186824,208.26052391228743,452.87160564015596,9758.429373789231
2117.402988472638,37.383897604149986,181.24371833012123,209.89771520403605,480.9958845455568,11902.405470079571
2060.5848987817003,44.7166590081649,145.04549279329663,221.13881605919778,516.9689459943743,9732.253554597904
1840.4844978512497,40.06943342643533,150.17771427439334,180.28604847107067,462.20407753887156,9490.230772533621
1977.5690777120853,59.851509811755015,155.82194182370043,211.62486937719558,441.9997050242554,11080.826192521237
2180.1102393560227,64.54570687964808,187.14433720653165,196.74802298190528,528.9977071589652,8997.385264618677
1815.0372012068647,54.11727829263666,105.4387602876561,220.17437850304114,527.301975732401,10167.628477978289
1953.4062646705847,33.935577934837276,130.8885259023903,190.81632255560461,451.3451550079654,11420.962225409601
2109.527354334173,33.19723532896526,167.1338532231454,186.9302706653139,558.0638607372788,12305.9073159761
2026.6186056849258,53.492229604221414,166.60160373163455,206.0789823263662,474.2507481928575,9145.559770877126
1899.076804137577,53.54586999991234,146.78118382822274,187.82965251491999,523.8409844338564,9677.698226814282
2078.6706782208907,55.107383236246534,150.19031857040363,195.37714005623667,573.0151853140059,10048.038304845095
2109.3344376565196,40.987791830495624,144.7118419414041,179.28466298548025,484.95153312027986,8862.545940135084
1896.5001711745977,52.65055659154288,152.40473255319841,193.4515386044015,542.7687840027675,8926.710447865427
1987.3398211865435,51.040324517515764,166.809154780658,193.4891247801103,443.267008907817,9889.653111351914
2308.5462928213606,65.62184739677681,145.25084005327034,186.04588778610784,485.86670735227835,10135.941564638888
2107.166863500097,58.26635302722159,107.2521440416439,202.62771119216384,463.37818726458653,11529.777995777995
1861.806176274835,38.53825630572788,154.51693091162306,201.98080185425786,425.3646548792074,10605.104547166822
2072.1794247232456,59.84632142551403,146.52236496436163,210.64952546523696,498.79317531595257,9755.316625570325
1540.971343177408,60.3396482545231,169.94407181361115,199.8600540267829,530.8949685125937,10558.302472967029
1992.8074492772366,45.598450435999965,165.87338426128412,198.92926334782436,561.4136267380729,10666.309982071449
1679.1436539729334,29.843481679756177,167.74811522820463,204.37714042951944,436.1196882897336,10653.372341837936
2252.1307849655727,43.328736530042605,155.0829769134186,184.77323499675973,497.11655928360227,8795.317197573786
2329.4080525069803,47.672862571086334,176.03709369930837,194.88051510670076,561.8350985519943,8617.370152685598
2217.565979153352,48.66842113470592,160.03730271824995,207.13941257193795,579.2866738621311,8990.480408890604
1520.489943435566,46.20417391935487,185.24160126183588,196.82115926411404,508.866941309514,10237.230178461079
2221.4978403056803,54.31959279733853,197.54881972266404,175.78510739892238,492.41709509767685,9663.9226257884
2253.7071387160636,29.329875580321772,120.95518115226177,200.5815311716747,469.2430357440142,10893.472388870734
1713.8002284343252,59.04958524232512,147.38409370349243,194.79191249727435,492.1097303680383,10833.995101443825
1833.133029134555,44.46186709310649,160.00329317937448,179.71497325879267,474.5505031269887,9454.431545039903
2142.745222897834,44.13193372385985,140.8063475159129,196.3003847900291,522.2143372622834,10891.695875877467
